# PlayerName AVG OBP SLG HR RBI RUNS SB
Richie Ashburn 0.308 0.397 0.382 29 586 1322 234
Earl Averill 0.318 0.395 0.534 238 1161 1224 70
Max Carey 0.285 0.361 0.386 70 800 1545 738
Ty Cobb 0.366 0.433 0.512 117 1937 2246 892
Earle Combs 0.325 0.397 0.462 58 632 1186 96
Andre Dawson 0.279 0.323 0.482 438 1591 1373 314
Joe DiMaggio 0.325 0.398 0.579 361 1537 1390 30
Larry Doby 0.283 0.387 0.490 253 969 960 47
Hugh Duffy 0.324 0.384 0.449 106 1302 1552 574
Billy Hamilton 0.344 0.455 0.432 40 736 1690 912
Mickey Mantle 0.298 0.423 0.557 536 1509 1677 153
Willie Mays 0.302 0.387 0.557 660 1903 2062 338
Kirby Puckett 0.318 0.363 0.477 207 1085 1071 134
Edd Roush 0.323 0.369 0.446 68 981 1099 268
Duke Snider 0.295 0.381 0.540 407 1333 1259 99
Tris Speaker 0.345 0.428 0.500 117 1529 1882 432
Lloyd Waner 0.316 0.353 0.393 27 598 1201 67
Hack Wilson 0.307 0.395 0.545 244 1062 884 52